40
6 1
2 1 1 3
2 9 1 3
3 5 1 2
2 2 1 2
2 4 2 2
1 1 3 1
3 7 2 3
3 4 1 2
6 6 4 1
3 2 5 3
5 3 4 1
6 10 4 1
5 1 3 3
5 3 5 2
4 8 2 0
1 4 5 2
4 9 2 1
5 7 2 2
0 10 3 0
4 8 3 1
1 9 4 1
4 2 8 0
2 10 6 1
0 2 9 2
3 5 4 3
6 5 4 1
4 7 5 3
3 6 5 2
6 9 9 1
4 2 10 1
5 3 5 1
2 10 6 1
1 2 5 2
0 6 7 3
1 6 6 3
3 8 7 3
0 1 8 1
0 10 8 3
6 5 8 0
5 6 7 0
1 3 9 0
2 6 8 3
2 6 9 1
6 9 9 1
4 4 9 3
4 8 10 3
0 7 11 1
0 4 8 3
0 4 14 1
5 9 9 2
0 8 11 0
1 4 8 0
2 1 10 1
1 6 10 3
6 3 13 1
1 9 13 0
1 6 13 3
2 3 11 3
5 1 12 1
2 2 13 3
3 7 13 1
6 10 16 2
3 9 11 3
6 7 13 1
6 9 13 3
3 5 13 1
0 8 15 1
3 3 13 3
2 7 16 1
4 8 15 0
3 2 14 1
4 5 15 3
1 1 16 3
5 6 16 1
4 10 16 0
5 1 14 1
5 4 16 3
0 3 15 1

